Top1err: 86.15000247955322%
Top5err: 96.21666669845581%
Top10err: 98.28333258628845%

Average Score: 93.54999542236328%